20 0x1d53361
20 0x1d5336b
16 0x1d53378
16 0x1d53386
Tilemap data:
Width = 16
Height = 6
Tile size = (16, 16)
Source image size = (256,96)
Tilemap created!
96 codes loaded!
Asserting tilemap...

w:16 h:6 num:96 t_w: 16, t_h: 16
Map loaded: (20 by 20)
0	0	0	0	0	0	0	0	0	0	0	0	0	0	0	0	0	0	0	0	0	16	16	7	7	16	16	7	7	16	16	7	7	16	16	7	7	16	16	7	7	16	16	7	7	16	16	7	7	16	16	7	7	16	16	7	7	16	16	7	7	0	0	0	0	0	0	0	0	-1	-1	10	10	1	1	12	12	3	3	14	14	5	5	0	0	1	1	0	0	1	1	0	0	1	1	16	16	16	16	16	16	16	16	16	16	16	16	16	16	16	16	16	16	16	16	16	16	36	36	7	7	38	38	-1	-1	40	40	1	1	42	42	3	3	44	44	5	5	46	46	7	7	0	0	1	1	0	0	1	1	0	0	1	1	16	16	16	16	16	16	16	16	16	16	16	16	16	16	16	16	16	16	16	16	16	16	68	68	-1	-1	70	70	1	1	72	72	3	3	74	74	5	5	76	76	7	7	78	78	-1	-1	0	0	1	1	0	0	1	1	0	0	1	1	16	16	16	16	16	16	16	16	16	16	16	16	16	16	16	16	16	16	16	16	16	16	0	0	1	1	0	0	1	1	0	0	1	1	0	0	1	1	0	0	1	1	0	0	1	1	0	0	1	1	0	0	1	1	0	0	1	1	16	16	16	16	16	16	16	16	16	16	16	16	16	16	16	16	16	16	16	16	16	16	0	0	1	1	0	0	1	1	0	0	1	1	0	0	1	1	0	0	1	1	0	0	1	1	0	0	1	1	0	0	1	1	0	0	1	1	16	16	16	16	16	16	16	16	16	16	16	16	16	16	16	16	16	16	16	16	16	16	32	32	3	3	32	32	3	3	32	32	3	3	0	0	1	1	64	64	5	5	0	0	1	1	0	0	1	1	0	0	1	1	0	0	1	1	16	16	16	16	16	16	16	16	16	16	16	16	16	16	16	


20 0x17525b1
20 0x17525bb
16 0x17525c8
16 0x17525d6
Tilemap data:
Width = 16
Height = 6
Tile size = (16, 16)
Source image size = (256,96)
Tilemap created!
96 codes loaded!
Asserting tilemap...

w:16 h:6 num:96 t_w: 16, t_h: 16
Map loaded: (20 by 20)
0 0 0 0 0 0 0 0 0 0 0 0 0 0 0 0 0 0 0 0 0 16 16 7 7 16 16 7 7 16 16 7 7 16 16 7 7 16 16 7 7 16 16 7 7 16 16 7 7 16 16 7 7 16 16 7 7 16 16 7 7 0 0 0 0 0 0 0 0 -1 -1 10 10 1 1 12 12 3 3 14 14 5 5 0 0 1 1 0 0 1 1 0 0 1 1 16 16 16 16 16 16 16 16 16 16 16 16 16 16 16 16 16 16 16 16 16 16 36 36 7 7 38 38 -1 -1 40 40 1 1 42 42 3 3 44 44 5 5 46 46 7 7 0 0 1 1 0 0 1 1 0 0 1 1 16 16 16 16 16 16 16 16 16 16 16 16 16 16 16 16 16 16 16 16 16 16 68 68 -1 -1 70 70 1 1 72 72 3 3 74 74 5 5 76 76 7 7 78 78 -1 -1 0 0 1 1 0 0 1 1 0 0 1 1 16 16 16 16 16 16 16 16 16 16 16 16 16 16 16 16 16 16 16 16 16 16 0 0 1 1 0 0 1 1 0 0 1 1 0 0 1 1 0 0 1 1 0 0 1 1 0 0 1 1 0 0 1 1 0 0 1 1 16 16 16 16 16 16 16 16 16 16 16 16 16 16 16 16 16 16 16 16 16 16 0 0 1 1 0 0 1 1 0 0 1 1 0 0 1 1 0 0 1 1 0 0 1 1 0 0 1 1 0 0 1 1 0 0 1 1 16 16 16 16 16 16 16 16 16 16 16 16 16 16 16 16 16 16 16 16 16 16 32 32 3 3 32 32 3 3 32 32 3 3 0 0 1 1 64 64 5 5 0 0 1 1 0 0 1 1 0 0 1 1 0 0 1 1 16 16 16 16 16 16 16 16 16 16 16 16 16 16 16 

